type      = 0 # LINEAR_VOX_TO_VOX
nxforms   = 1
mean      = 0.0000 0.0000 0.0000
sigma     = 1.0000
1 4 4
1.057255029678345e+00 -5.133999884128571e-02 -9.893299639225006e-02 1.062960052490234e+01 
5.806000530719757e-02 1.117818832397461e+00 1.789329946041107e-01 -2.212609863281250e+01 
8.425900340080261e-02 -2.530109584331512e-01 9.549019932746887e-01 1.437666320800781e+01 
0.000000000000000e+00 0.000000000000000e+00 0.000000000000000e+00 1.000000000000000e+00 
src volume info
valid = 1  # volume info valid
filename = /Applications/freesurfer/7.4.1/subjects/032_S_0147/mri/orig.mgz
volume = 256 256 256
voxelsize = 1.000000000000000e+00 1.000000000000000e+00 1.000000000000000e+00
xras   = -1.000000000000000e+00 -1.862645149230957e-09 -3.725290298461914e-09
yras   = 1.862645149230957e-09 -5.820766091346741e-11 -9.999999403953552e-01
zras   = 1.862645149230957e-09 1.000000000000000e+00 -5.820766091346741e-11
cras   = 7.732185363769531e+00 7.573013305664062e+00 1.821109008789062e+01
dst volume info
valid = 1  # volume info valid
filename = /Applications/freesurfer/7.4.1/average/mni305.cor.mgz
volume = 256 256 256
voxelsize = 1.000000000000000e+00 1.000000000000000e+00 1.000000000000000e+00
xras   = -1.000000000000000e+00 0.000000000000000e+00 0.000000000000000e+00
yras   = 0.000000000000000e+00 0.000000000000000e+00 -1.000000000000000e+00
zras   = 0.000000000000000e+00 1.000000000000000e+00 0.000000000000000e+00
cras   = 0.000000000000000e+00 0.000000000000000e+00 0.000000000000000e+00
subject fsaverage
fscale 0.100000
