# transform file transforms/talairach_with_skull.lta
# created by cundo on Wed Nov  8 16:02:55 2023

type      = 0 # LINEAR_VOX_TO_VOX
nxforms   = 1
mean      = 128.0000 125.0000 129.0000
sigma     = 10000.0000
1 4 4
1.027796864509583e+00 -4.015985131263733e-02 -1.092693135142326e-01 1.294398403167725e+01 
4.596091434359550e-02 1.163193702697754e+00 1.555381417274475e-01 -2.204802131652832e+01 
9.953443706035614e-02 -1.198288202285767e-01 9.319297671318054e-01 1.747884750366211e+00 
0.000000000000000e+00 0.000000000000000e+00 0.000000000000000e+00 1.000000000000000e+00 
src volume info
valid = 1  # volume info valid
filename = nu.mgz
volume = 256 256 256
voxelsize = 1.000000000000000e+00 1.000000000000000e+00 1.000000000000000e+00
xras   = -1.000000000000000e+00 -1.862645149230957e-09 -3.725290298461914e-09
yras   = 1.862645149230957e-09 -5.820766091346741e-11 -9.999999403953552e-01
zras   = 1.862645149230957e-09 1.000000000000000e+00 -5.820766091346741e-11
cras   = 7.732185363769531e+00 7.573013305664062e+00 1.821109008789062e+01
dst volume info
valid = 1  # volume info valid
filename = /Applications/freesurfer/7.4.1/average/RB_all_withskull_2020_01_02.gca
volume = 256 256 256
voxelsize = 1.000000000000000e+00 1.000000000000000e+00 1.000000000000000e+00
xras   = -1.000000000000000e+00 0.000000000000000e+00 0.000000000000000e+00
yras   = 0.000000000000000e+00 0.000000000000000e+00 -1.000000000000000e+00
zras   = 0.000000000000000e+00 1.000000000000000e+00 0.000000000000000e+00
cras   = 0.000000000000000e+00 0.000000000000000e+00 0.000000000000000e+00
