type      = 1 # LINEAR_RAS_TO_RAS
nxforms   = 1
mean      = 0.0000 0.0000 0.0000
sigma     = 1.0000
1 4 4
1.057255029678345e+00 9.893299639225006e-02 -5.133999884128571e-02 -6.712448120117188e+00 
-8.425900340080261e-02 9.549019932746887e-01 2.530109882354736e-01 -2.418371582031250e+01 
5.806000158190727e-02 -1.789329946041107e-01 1.117818951606750e+00 -4.274040222167969e+01 
0.000000000000000e+00 0.000000000000000e+00 0.000000000000000e+00 1.000000000000000e+00 
src volume info
valid = 1  # volume info valid
filename = /Applications/freesurfer/7.4.1/subjects/032_S_0147/mri/orig_nu.mgz
volume = 256 256 256
voxelsize = 1.000000000000000e+00 1.000000000000000e+00 1.000000000000000e+00
xras   = -1.000000000000000e+00 -1.862645149230957e-09 -3.725290298461914e-09
yras   = 1.862645149230957e-09 -5.820766091346741e-11 -9.999999403953552e-01
zras   = 1.862645149230957e-09 1.000000000000000e+00 -5.820766091346741e-11
cras   = 7.732185363769531e+00 7.573013305664062e+00 1.821109008789062e+01
dst volume info
valid = 1  # volume info valid
filename = /Applications/freesurfer/7.4.1/average/mni305.cor.mgz
volume = 256 256 256
voxelsize = 1.000000000000000e+00 1.000000000000000e+00 1.000000000000000e+00
xras   = -1.000000000000000e+00 0.000000000000000e+00 0.000000000000000e+00
yras   = 0.000000000000000e+00 0.000000000000000e+00 -1.000000000000000e+00
zras   = 0.000000000000000e+00 1.000000000000000e+00 0.000000000000000e+00
cras   = 0.000000000000000e+00 0.000000000000000e+00 0.000000000000000e+00
subject fsaverage
fscale 0.100000
