type      = 1 # LINEAR_RAS_TO_RAS
nxforms   = 1
mean      = 0.0000 0.0000 0.0000
sigma     = 1.0000
1 4 4
1.043431043624878e+00 -3.554600104689598e-02 3.920900076627731e-02 3.513778924942017e+00 
1.019600033760071e-02 1.015342950820923e+00 3.123050034046173e-01 -1.157872009277344e+01 
-5.907600000500679e-02 -3.414170145988464e-01 1.231757998466492e+00 -4.729156017303467e+00 
0.000000000000000e+00 0.000000000000000e+00 0.000000000000000e+00 1.000000000000000e+00 
src volume info
valid = 1  # volume info valid
filename = /Applications/freesurfer/7.4.1/subjects/109_S_1192/mri/orig_nu.mgz
volume = 256 256 256
voxelsize = 1.000000000000000e+00 1.000000000000000e+00 1.000000000000000e+00
xras   = -1.000000000000000e+00 1.033975765691285e-25 3.725290298461914e-09
yras   = -1.862645149230957e-09 0.000000000000000e+00 -9.999999403953552e-01
zras   = 1.033975765691285e-25 1.000000119209290e+00 -9.116758196556123e-24
cras   = -3.989685058593750e+00 1.355934143066406e+01 -1.255798339843750e-02
dst volume info
valid = 1  # volume info valid
filename = /Applications/freesurfer/7.4.1/average/mni305.cor.mgz
volume = 256 256 256
voxelsize = 1.000000000000000e+00 1.000000000000000e+00 1.000000000000000e+00
xras   = -1.000000000000000e+00 0.000000000000000e+00 0.000000000000000e+00
yras   = 0.000000000000000e+00 0.000000000000000e+00 -1.000000000000000e+00
zras   = 0.000000000000000e+00 1.000000000000000e+00 0.000000000000000e+00
cras   = 0.000000000000000e+00 0.000000000000000e+00 0.000000000000000e+00
subject fsaverage
fscale 0.100000
