# transform file transforms/talairach_with_skull.lta
# created by cundo on Wed Nov  8 16:32:40 2023

type      = 0 # LINEAR_VOX_TO_VOX
nxforms   = 1
mean      = 130.0000 147.0000 127.0000
sigma     = 10000.0000
1 4 4
1.036275982856750e+00 4.865280911326408e-02 7.236608769744635e-03 -1.406950187683105e+01 
-4.313925653696060e-02 1.237729072570801e+00 3.395169973373413e-01 -5.812498092651367e+01 
7.073767948895693e-03 -2.754308283329010e-01 1.004312157630920e+00 3.535034179687500e+01 
0.000000000000000e+00 0.000000000000000e+00 0.000000000000000e+00 1.000000000000000e+00 
src volume info
valid = 1  # volume info valid
filename = nu.mgz
volume = 256 256 256
voxelsize = 1.000000000000000e+00 1.000000000000000e+00 1.000000000000000e+00
xras   = -1.000000000000000e+00 1.033975765691285e-25 3.725290298461914e-09
yras   = -1.862645149230957e-09 0.000000000000000e+00 -9.999999403953552e-01
zras   = 1.033975765691285e-25 1.000000119209290e+00 -9.116758196556123e-24
cras   = -3.989685058593750e+00 1.355934143066406e+01 -1.255798339843750e-02
dst volume info
valid = 1  # volume info valid
filename = /Applications/freesurfer/7.4.1/average/RB_all_withskull_2020_01_02.gca
volume = 256 256 256
voxelsize = 1.000000000000000e+00 1.000000000000000e+00 1.000000000000000e+00
xras   = -1.000000000000000e+00 0.000000000000000e+00 0.000000000000000e+00
yras   = 0.000000000000000e+00 0.000000000000000e+00 -1.000000000000000e+00
zras   = 0.000000000000000e+00 1.000000000000000e+00 0.000000000000000e+00
cras   = 0.000000000000000e+00 0.000000000000000e+00 0.000000000000000e+00
