type      = 0 # LINEAR_VOX_TO_VOX
nxforms   = 1
mean      = 0.0000 0.0000 0.0000
sigma     = 1.0000
1 4 4
1.043431043624878e+00 3.920900076627731e-02 3.554600477218628e-02 -1.399615478515625e+01 
-5.907600373029709e-02 1.231757879257202e+00 3.414170444011688e-01 -5.666635131835938e+01 
-1.019599940627813e-02 -3.123049736022949e-01 1.015343070030212e+00 4.146027374267578e+01 
0.000000000000000e+00 0.000000000000000e+00 0.000000000000000e+00 1.000000000000000e+00 
src volume info
valid = 1  # volume info valid
filename = /Applications/freesurfer/7.4.1/subjects/109_S_1192/mri/orig.mgz
volume = 256 256 256
voxelsize = 1.000000000000000e+00 1.000000000000000e+00 1.000000000000000e+00
xras   = -1.000000000000000e+00 1.033975765691285e-25 3.725290298461914e-09
yras   = -1.862645149230957e-09 0.000000000000000e+00 -9.999999403953552e-01
zras   = 1.033975765691285e-25 1.000000119209290e+00 -9.116758196556123e-24
cras   = -3.989685058593750e+00 1.355934143066406e+01 -1.255798339843750e-02
dst volume info
valid = 1  # volume info valid
filename = /Applications/freesurfer/7.4.1/average/mni305.cor.mgz
volume = 256 256 256
voxelsize = 1.000000000000000e+00 1.000000000000000e+00 1.000000000000000e+00
xras   = -1.000000000000000e+00 0.000000000000000e+00 0.000000000000000e+00
yras   = 0.000000000000000e+00 0.000000000000000e+00 -1.000000000000000e+00
zras   = 0.000000000000000e+00 1.000000000000000e+00 0.000000000000000e+00
cras   = 0.000000000000000e+00 0.000000000000000e+00 0.000000000000000e+00
subject fsaverage
fscale 0.100000
