# transform file transforms/talairach_with_skull.lta
# created by cundo on Wed Nov  8 17:19:17 2023

type      = 0 # LINEAR_VOX_TO_VOX
nxforms   = 1
mean      = 119.0000 136.0000 126.0000
sigma     = 10000.0000
1 4 4
9.782441258430481e-01 -7.098168134689331e-04 5.601296946406364e-02 -8.112588882446289e+00 
-6.588456034660339e-02 1.045484066009521e+00 4.442773461341858e-01 -2.400473022460938e+01 
-4.208125174045563e-02 -3.848317563533783e-01 8.840000629425049e-01 6.507226562500000e+01 
0.000000000000000e+00 0.000000000000000e+00 0.000000000000000e+00 1.000000000000000e+00 
src volume info
valid = 1  # volume info valid
filename = nu.mgz
volume = 256 256 256
voxelsize = 1.000000000000000e+00 1.000000000000000e+00 1.000000000000000e+00
xras   = -1.000000000000000e+00 0.000000000000000e+00 0.000000000000000e+00
yras   = 0.000000000000000e+00 0.000000000000000e+00 -1.000000000000000e+00
zras   = 0.000000000000000e+00 1.000000000000000e+00 0.000000000000000e+00
cras   = -5.997467041015625e-02 4.609822082519531e+01 -4.299139404296875e+01
dst volume info
valid = 1  # volume info valid
filename = /Applications/freesurfer/7.4.1/average/RB_all_withskull_2020_01_02.gca
volume = 256 256 256
voxelsize = 1.000000000000000e+00 1.000000000000000e+00 1.000000000000000e+00
xras   = -1.000000000000000e+00 0.000000000000000e+00 0.000000000000000e+00
yras   = 0.000000000000000e+00 0.000000000000000e+00 -1.000000000000000e+00
zras   = 0.000000000000000e+00 1.000000000000000e+00 0.000000000000000e+00
cras   = 0.000000000000000e+00 0.000000000000000e+00 0.000000000000000e+00
